0 -159.375 -119.25840759277344 15.167399406433105
0 -161.46600341796875 -116.35139465332031 23.26620101928711
0 -161.0273895263672 -114.62760162353516 28.14179801940918
0 -160.68060302734375 -112.94458770751953 32.81339645385742
0 -159.8033905029297 -110.36399841308594 36.8423957824707
0 -158.52841186523438 -108.34439086914062 39.87179946899414
0 -156.0395965576172 -107.33458709716797 42.1973991394043
0 -155.23379516601562 -104.58060455322266 44.84939956665039
0 -152.37779235839844 -103.31578826904297 46.73640441894531
0 -151.5821990966797 -100.59239196777344 49.43939971923828
0 -148.47119140625 -99.0216064453125 51.22439956665039
0 -145.52342224121094 -97.37940216064453 53.264400482177734
0 -144.6156005859375 -94.48259735107422 55.79399871826172
0 -143.90159606933594 -91.5551986694336 58.201194763183594
0 -140.6580047607422 -89.0867919921875 60.985801696777344
0 -137.75099182128906 -86.67960357666016 64.12740325927734
0 -135.58859252929688 -85.8023910522461 65.47380065917969
0 -133.4364013671875 -83.752197265625 67.63619995117188
0 -130.78439331054688 -81.34500122070312 69.08460235595703
0 -128.12217712402344 -79.00919342041016 70.67578887939453
0 -125.70480346679688 -77.89739990234375 71.62439727783203
0 -123.12419891357422 -75.52079772949219 73.24620056152344
0 -120.71699523925781 -73.13399505615234 75.12300109863281
0 -118.3097915649414 -70.57379913330078 76.65299987792969
0 -116.01478576660156 -68.26860046386719 78.66239166259766
0 -113.76060485839844 -65.96339416503906 80.41681671142578
0 -111.59820556640625 -63.882598876953125 82.49758911132812
0 -109.50719451904297 -61.51620101928711 84.26220703125
0 -107.35499572753906 -59.19060516357422 86.02679443359375
0 -105.31501007080078 -56.9364013671875 88.0770034790039
0 -103.1832046508789 -54.641395568847656 90.10679626464844
0 -100.93919372558594 -52.172996520996094 91.81019592285156
0 -98.82779693603516 -49.62299728393555 93.52379608154297
0 -96.81840515136719 -47.011802673339844 95.23739624023438
0 -94.70700073242188 -44.4618034362793 97.06319427490234
0 -92.47320556640625 -41.922000885009766 98.97058868408203
0 -90.22919464111328 -39.382198333740234 100.83719635009766
0 -90.04559326171875 -35.322601318359375 102.34679412841797
0 -89.97419738769531 -31.07940101623535 103.65240478515625
0 -89.90280151367188 -26.815799713134766 104.82539367675781
0 -89.75999450683594 -22.49100112915039 105.81480407714844
0 -89.65798950195312 -18.19679832458496 106.76338958740234
0 -89.51520538330078 -13.872001647949219 107.55899810791016
0 -87.32219696044922 -9.608399391174316 108.94619750976562
0 -85.2719955444336 -5.487600326538086 110.22119903564453
0 -83.16059875488281 -1.3463999032974243 111.3533935546875
0 -79.37640380859375 2.9579997062683105 112.77119445800781
0 -77.89739990234375 7.384799957275391 113.60760498046875
0 -74.0009994506836 11.934000015258789 114.39299774169922
0 -69.9617919921875 16.54439926147461 115.12740325927734
0 -65.80020141601562 19.70639991760254 115.48439025878906
