2 355.46826171875 -732.956787109375 -31.3365478515625
2 343.3900146484375 -702.1919555664062 -26.0
2 366.3148193359375 -676.5335693359375 -27.7081298828125
2 352.63726806640625 -646.9734497070312 -26.21630859375
2 355.271484375 -615.3826904296875 -21.233154296875
2 360.3343505859375 -590.5418090820312 -14.8914794921875
2 360.637939453125 -554.935546875 -8.5487060546875
2 370.05145263671875 -517.9229736328125 -15.2919921875
2 366.35791015625 -475.88629150390625 -16.8494873046875
2 321.83721923828125 -466.260986328125 -9.5279541015625
2 323.5504150390625 -400.4937744140625 -34.44970703125
2 256.8983154296875 -387.3072509765625 -27.2366943359375
2 196.04931640625 -342.6405029296875 -17.866455078125
2 142.4171142578125 -317.387451171875 -5.1561279296875
2 118.7724609375 -299.712890625 2.4000244140625
2 91.373779296875 -291.8876953125 8.4306640625
2 76.513916015625 -275.4981689453125 19.5831298828125
2 46.5499267578125 -269.3250732421875 40.6202392578125
2 20.62890625 -260.0875244140625 48.4508056640625
2 4.805419921875 -227.7799072265625 76.442626953125
2 2.619873046875 -189.31494140625 107.1583251953125
2 -55.358642578125 -155.0430908203125 120.74755859375
2 -84.442626953125 -110.1043701171875 143.2991943359375
2 -84.095947265625 -70.988525390625 191.337158203125
2 -77.26611328125 -29.3162841796875 220.747314453125
2 -34.73046875 24.4273681640625 240.93603515625
2 -30.01416015625 95.6287841796875 243.57965087890625
2 -25.1685791015625 166.829833984375 245.9068603515625
2 10.19970703125 178.9019775390625 237.51007080078125
2 58.6539306640625 191.6236572265625 201.5252685546875
2 88.128662109375 232.5506591796875 171.20849609375
2 66.687744140625 291.6551513671875 159.7391357421875
2 71.3173828125 362.8568115234375 162.59423828125
2 46.2003173828125 421.9713134765625 160.1085205078125
2 49.0335693359375 493.177734375 167.35302734375
2 115.9013671875 521.4278564453125 155.5848388671875
2 150.216796875 567.595703125 204.0792236328125
2 78.06396484375 618.171630859375 234.7132568359375
2 -2.6380615234375 622.6075439453125 244.9757080078125
2 -56.823974609375 674.1580810546875 257.2476806640625
2 -109.4278564453125 754.3927001953125 235.63336181640625
2 -84.7864990234375 830.4620361328125 221.1475830078125
