3 550.4806518554688 -675.239013671875 -23.7259521484375
3 516.1827392578125 -636.5618896484375 -24.367431640625
3 488.816650390625 -625.056640625 -18.327392578125
3 473.21234130859375 -598.62841796875 -8.734375
3 448.8807373046875 -589.885009765625 -4.2581787109375
3 435.15802001953125 -560.32470703125 -2.6561279296875
3 423.483154296875 -530.7699584960938 -6.0584716796875
3 418.144287109375 -501.232177734375 -24.9442138671875
3 371.7974853515625 -483.7513427734375 -21.651123046875
3 346.952392578125 -424.6378173828125 -24.801513671875
3 305.2315673828125 -407.1695556640625 -32.8131103515625
3 288.6302490234375 -377.6014404296875 -24.1766357421875
3 249.086669921875 -393.537109375 -30.4266357421875
3 240.630126953125 -360.1163330078125 -16.8441162109375
3 196.04931640625 -342.6405029296875 -17.866455078125
3 146.798095703125 -325.15203857421875 -7.476806640625
3 118.4896240234375 -312.31103515625 2.2982177734375
3 91.373779296875 -291.8876953125 8.4306640625
3 64.77978515625 -286.6834716796875 14.7935791015625
3 43.860595703125 -289.5582275390625 23.487548828125
3 31.4844970703125 -275.3682861328125 38.419189453125
3 20.62890625 -260.0875244140625 48.4508056640625
3 -0.09033203125 -237.257080078125 74.44970703125
3 2.619873046875 -189.31494140625 107.1583251953125
3 -34.4300537109375 -130.1685791015625 133.83251953125
3 -61.3095703125 -100.5731201171875 167.5859375
3 -84.095947265625 -70.988525390625 191.337158203125
3 -77.26611328125 -29.3162841796875 220.747314453125
3 -104.768798828125 29.804443359375 224.0911865234375
3 -95.380126953125 100.9935302734375 215.3167724609375
3 -90.583740234375 172.1944580078125 217.76416015625
3 -101.969970703125 201.7486572265625 213.656005859375
3 -128.697509765625 260.8673095703125 215.1058349609375
3 -121.7818603515625 332.062744140625 212.3751220703125
3 -119.168212890625 403.2698974609375 220.15631103515625
3 -98.53564453125 444.905029296875 215.8365478515625
3 -100.6656494140625 511.4114990234375 204.9833984375
3 -67.45703125 557.7264404296875 200.15869140625
3 -54.478759765625 590.82861328125 223.7965087890625
3 -52.532958984375 641.0675048828125 255.89013671875
